1, 8126, 1, 0, 0, 0, 0, 0, 0, 0, 0, 0, 0, 0, 
1, 8119, 2, 0, 0, 0, 0, 0, 0, 0, 0, 0, 0, 0, 
1, 8120, 4, 0, 0, 0, 0, 0, 0, 0, 0, 0, 0, 0, 
1, 3268, 5, 0, 0, 0, 0, 0, 0, 0, 0, 0, 0, 0, 
1, 8133, 6, 0, 0, 0, 0, 0, 0, 0, 0, 0, 0, 0, 
1, 8122, 8, 0, 0, 0, 0, 0, 0, 0, 0, 0, 0, 0, 
1, 590, 11, 0, 0, 0, 0, 0, 0, 0, 0, 0, 0, 0, 
1, 1398, 13, 0, 0, 0, 0, 0, 0, 0, 0, 0, 0, 0, 
1, 8128, 15, 0, 0, 0, 0, 0, 0, 0, 0, 0, 0, 0, 
1, 8130, 18, 0, 1, 0, 0, 0, 0, 0, 4, 0, 0, 0, 
1, 8132, 20, 0, 0, 0, 0, 0, 0, 0, 0, 0, 0, 0, 
1, 8129, 23, 0, 0, 0, 0, 0, 0, 0, 0, 0, 0, 0, 
1, 8131, 24, 0, 0, 0, 0, 0, 0, 0, 0, 0, 0, 0, 
1, 8134, 26, 0, 0, 0, 0, 0, 0, 0, 0, 0, 0, 0, 
1, 8125, 27, 0, 0, 0, 0, 0, 0, 0, 0, 0, 0, 0, 
1, 8149, 28, 0, 0, 0, 0, 0, 0, 0, 0, 0, 0, 0, 
1, 8163, 29, 0, 1, 0, 0, 0, 0, 0, 0, 0, 0, 0, 
1, 8123, 30, 0, 0, 0, 0, 0, 0, 0, 0, 0, 0, 0, 
1, 8168, 31, 0, 1, 0, 0, 0, 0, 0, 4, 4, 0, 0, 
1, 8147, 33, 0, 0, 0, 0, 0, 0, 0, 0, 0, 0, 0, 
1, 8124, 34, 0, 0, 0, 0, 0, 0, 0, 0, 0, 0, 0, 
1, 8148, 35, 0, 0, 0, 0, 0, 0, 0, 0, 0, 0, 0, 
1, 1375, 37, 0, 0, 0, 0, 0, 0, 0, 0, 0, 0, 0, 
1, 8121, 38, 0, 0, 0, 0, 0, 0, 0, 0, 0, 0, 0, 
1, 5236, 38, 0, 1, 0, 0, 0, 0, 0, 0, 0, 0, 0, 
1, 8144, 40, 0, 0, 0, 0, 0, 0, 0, 0, 0, 0, 0, 
1, 8138, 42, 0, 0, 0, 0, 0, 0, 0, 0, 0, 0, 0, 
1, 8167, 43, 0, 0, 0, 0, 0, 0, 0, 0, 0, 0, 0, 
1, 8135, 45, 0, 1, 0, 0, 0, 0, 0, 0, 0, 0, 0, 
1, 8162, 48, 0, 0, 0, 0, 0, 0, 0, 0, 0, 0, 0, 
1, 8160, 49, 0, 0, 0, 0, 0, 0, 0, 0, 0, 0, 0, 
1, 5243, 50, 0, 0, 0, 0, 0, 0, 0, 0, 0, 0, 0, 
1, 3259, 51, 0, 0, 0, 0, 0, 0, 0, 0, 0, 0, 0, 
1, 8150, 52, 0, 1, 0, 0, 3, 3, 0, 5, 5, 0, 0, 
1, 8157, 54, 0, 0, 0, 0, 0, 0, 0, 0, 0, 0, 0, 
1, 8145, 55, 0, 0, 0, 0, 0, 0, 0, 0, 0, 0, 0, 
1, 8127, 58, 0, 0, 0, 0, 0, 0, 0, 0, 0, 0, 0, 
1, 8153, 61, 0, 1, 0, 0, 0, 0, 0, 0, 0, 0, 0, 
1, 8143, 62, 0, 0, 0, 0, 0, 0, 0, 0, 0, 0, 0, 
1, 769, 63, 0, 0, 0, 0, 0, 0, 0, 0, 0, 0, 0, 
1, 8155, 64, 0, 0, 0, 0, 0, 0, 0, 0, 0, 0, 0, 
1, 8137, 65, 0, 0, 0, 0, 0, 0, 0, 0, 0, 0, 0, 
1, 8139, 68, 0, 0, 0, 0, 0, 0, 0, 0, 0, 0, 0, 
1, 8140, 69, 0, 0, 0, 0, 0, 0, 0, 0, 0, 0, 0, 
1, 8141, 72, 0, 0, 0, 0, 0, 0, 0, 0, 0, 0, 0, 
1, 1403, 73, 0, 0, 0, 0, 0, 0, 0, 0, 0, 0, 0, 
1, 8152, 76, 0, 0, 0, 0, 0, 0, 0, 0, 0, 0, 0, 
1, 8142, 77, 0, 1, 0, 0, 0, 0, 0, 0, 0, 0, 0, 
1, 8151, 78, 0, 0, 0, 0, 0, 0, 0, 0, 0, 0, 0, 
1, 8136, 79, 0, 0, 0, 0, 0, 0, 0, 0, 0, 0, 0, 
1, 8146, 81, 0, 0, 0, 0, 0, 0, 0, 0, 0, 0, 0, 
1, 5992, 83, 0, 0, 0, 0, 0, 0, 0, 0, 0, 0, 0, 
1, 6058, 85, 0, 0, 0, 0, 0, 0, 0, 0, 0, 0, 0, 
1, 5990, 86, 0, 0, 0, 0, 0, 0, 0, 0, 0, 0, 0, 
1, 8887, 88, 0, 0, 0, 0, 0, 0, 0, 0, 0, 0, 0, 
1, 8898, 89, 0, 0, 0, 0, 0, 0, 0, 0, 0, 0, 0, 
1, 134, 91, 0, 0, 0, 0, 0, 0, 0, 0, 0, 0, 0, 
1, 8890, 92, 0, 1, 0, 0, 0, 0, 0, 0, 0, 0, 0, 
1, 6043, 93, 0, 0, 0, 0, 0, 0, 0, 0, 0, 0, 0, 
1, 187, 97, 0, 1, 0, 0, 0, 0, 0, 0, 0, 0, 0, 
1, 675, 99, 0, 0, 0, 0, 0, 0, 0, 0, 0, 0, 0, 
1, 5988, 100, 0, 0, 0, 0, 0, 0, 0, 0, 0, 0, 0, 
1, 5989, 103, 0, 1, 0, 0, 0, 0, 0, 0, 0, 0, 0, 
1, 8894, 106, 0, 0, 0, 0, 0, 0, 0, 0, 0, 0, 0, 
1, 12086, 107, 0, 1, 5, 0, 0, 5, 0, 4, 0, 0, 0, 
1, 8154, 108, 0, 0, 0, 0, 0, 0, 0, 0, 0, 0, 0, 
1, 6003, 111, 0, 0, 0, 0, 0, 0, 0, 0, 0, 0, 0, 
1, 5996, 112, 0, 0, 0, 0, 0, 0, 0, 0, 0, 0, 0, 
1, 702, 113, 0, 1, 0, 0, 0, 0, 0, 0, 0, 0, 0, 
1, 699, 115, 0, 1, 0, 0, 0, 0, 0, 0, 0, 0, 3, 
1, 242, 116, 0, 1, 0, 0, 0, 0, 0, 0, 0, 0, 0, 
1, 227, 117, 0, 0, 0, 0, 0, 0, 0, 0, 0, 0, 0, 
1, 246, 118, 0, 0, 0, 0, 0, 0, 0, 0, 0, 0, 0, 
1, 6000, 120, 0, 1, 0, 0, 0, 0, 0, 0, 0, 0, 5, 
1, 8213, 123, 0, 1, 0, 0, 0, 0, 0, 0, 0, 0, 0, 
1, 5998, 125, 0, 0, 0, 0, 0, 0, 0, 0, 0, 0, 0, 
1, 1347, 127, 0, 0, 0, 0, 0, 0, 0, 0, 0, 0, 0, 
1, 55, 128, 0, 0, 0, 0, 0, 0, 0, 0, 0, 0, 0, 
1, 779, 129, 0, 0, 0, 0, 0, 0, 0, 0, 0, 0, 0, 
1, 780, 131, 0, 0, 0, 0, 0, 0, 0, 0, 0, 0, 0, 
1, 8164, 133, 0, 0, 0, 0, 0, 0, 0, 0, 0, 0, 0, 
1, 441, 136, 0, 1, 0, 0, 0, 0, 0, 0, 0, 0, 0, 
1, 13608, 137, 0, 0, 0, 0, 0, 0, 0, 0, 0, 0, 0, 
1, 199, 140, 0, 0, 0, 0, 0, 0, 0, 0, 0, 0, 0, 
1, 243, 141, 0, 0, 0, 0, 0, 0, 0, 0, 0, 0, 0, 
1, 8178, 142, 0, 0, 0, 0, 0, 0, 0, 0, 0, 0, 0, 
1, 747, 143, 0, 0, 0, 0, 0, 0, 0, 0, 0, 0, 0, 
1, 761, 144, 0, 0, 0, 0, 0, 0, 0, 0, 0, 0, 0, 
1, 1356, 145, 0, 0, 0, 0, 0, 0, 0, 0, 0, 0, 0, 
1, 8893, 146, 0, 0, 0, 0, 0, 0, 0, 0, 0, 0, 0, 
1, 770, 147, 0, 0, 0, 0, 0, 0, 0, 0, 0, 0, 0, 
1, 1346, 148, 0, 0, 0, 0, 0, 0, 0, 0, 0, 0, 0, 
1, 776, 149, 0, 0, 0, 0, 0, 0, 0, 0, 0, 0, 0, 
1, 1348, 150, 0, 0, 0, 0, 0, 0, 0, 0, 0, 0, 0, 
1, 1352, 151, 0, 0, 0, 0, 0, 0, 0, 0, 0, 0, 0, 
1, 1357, 152, 0, 0, 0, 0, 0, 0, 0, 0, 0, 0, 0, 
1, 1350, 154, 0, 0, 0, 0, 0, 0, 0, 0, 0, 0, 0, 
1, 781, 156, 0, 0, 0, 0, 0, 0, 0, 0, 0, 0, 0, 
1, 785, 157, 0, 0, 0, 0, 0, 0, 0, 0, 0, 0, 0, 
1, 827, 158, 0, 1, 0, 0, 0, 0, 0, 0, 0, 0, 0, 
1, 486, 159, 0, 1, 0, 0, 0, 0, 0, 0, 0, 0, 0, 
1, 144, 161, 0, 0, 0, 0, 0, 0, 0, 0, 0, 0, 0, 
1, 2760, 162, 1, 0, 0, 0, 0, 0, 0, 0, 0, 0, 0, 
1, 2813, 163, 1, 0, 0, 0, 0, 0, 0, 0, 0, 0, 0, 
1, 8158, 164, 0, 0, 0, 0, 0, 0, 0, 0, 0, 0, 0, 
1, 6002, 165, 0, 1, 0, 0, 0, 0, 0, 0, 0, 0, 0, 
1, 795, 166, 0, 0, 0, 0, 0, 0, 0, 0, 0, 0, 0, 
1, 13626, 167, 0, 0, 0, 0, 0, 0, 0, 0, 0, 0, 0, 
1, 3266, 168, 0, 0, 0, 0, 0, 0, 0, 0, 0, 0, 0, 
1, 1376, 169, 0, 0, 0, 0, 0, 0, 0, 0, 0, 0, 0, 
1, 8156, 171, 0, 1, 0, 0, 0, 0, 0, 0, 0, 0, 0, 
1, 245, 172, 0, 0, 0, 0, 0, 0, 0, 0, 0, 0, 0, 
1, 129, 173, 0, 0, 0, 0, 0, 0, 0, 0, 0, 0, 0, 
1, 2774, 174, 1, 1, 0, 0, 0, 0, 0, 0, 0, 0, 0, 
1, 3260, 176, 1, 1, 0, 0, 0, 0, 0, 0, 0, 0, 0, 
1, 209, 178, 0, 0, 0, 0, 0, 0, 0, 0, 0, 0, 0, 
1, 3261, 181, 0, 0, 0, 0, 0, 0, 0, 0, 0, 0, 0, 
1, 241, 182, 0, 1, 0, 0, 0, 0, 0, 0, 0, 0, 0, 
1, 840, 183, 0, 1, 0, 0, 0, 0, 0, 0, 0, 0, 0, 
1, 619, 184, 0, 1, 0, 0, 0, 0, 0, 0, 0, 0, 0, 
1, 2886, 185, 1, 0, 0, 0, 0, 0, 0, 0, 0, 0, 0, 
1, 8187, 186, 0, 1, 0, 0, 0, 0, 0, 0, 0, 0, 0, 
1, 8900, 188, 0, 0, 0, 0, 0, 0, 0, 0, 0, 0, 0, 
1, 3263, 189, 0, 0, 0, 0, 0, 0, 0, 0, 0, 0, 0, 
1, 2876, 190, 0, 1, 0, 0, 0, 0, 0, 0, 0, 0, 0, 
1, 8177, 191, 0, 0, 0, 0, 0, 0, 0, 0, 0, 0, 0, 
1, 443, 192, 0, 0, 0, 0, 0, 0, 0, 0, 0, 0, 0, 
1, 8183, 193, 0, 0, 0, 0, 0, 0, 0, 0, 0, 0, 0, 
1, 5995, 194, 0, 0, 0, 0, 0, 0, 0, 0, 0, 0, 0, 
1, 3264, 196, 0, 0, 0, 0, 0, 0, 0, 0, 0, 0, 0, 
1, 2874, 197, 1, 1, 0, 0, 0, 0, 0, 0, 0, 0, 0, 
1, 8184, 198, 0, 0, 0, 0, 0, 0, 0, 0, 0, 0, 0, 
1, 1415, 199, 0, 0, 0, 0, 0, 0, 0, 0, 0, 0, 0, 
1, 8170, 200, 0, 0, 0, 0, 0, 0, 0, 0, 0, 0, 0, 
1, 2773, 201, 1, 1, 0, 0, 0, 0, 0, 0, 0, 0, 0, 
1, 2904, 202, 1, 1, 0, 0, 0, 0, 0, 0, 0, 0, 5, 
1, 8892, 203, 0, 0, 0, 0, 0, 0, 0, 0, 0, 0, 0, 
1, 8173, 205, 0, 1, 0, 0, 0, 0, 0, 0, 0, 0, 0, 
1, 8176, 206, 0, 1, 0, 0, 0, 0, 0, 0, 0, 0, 0, 
1, 1395, 207, 0, 0, 0, 0, 0, 0, 0, 0, 0, 0, 0, 
1, 2750, 209, 0, 0, 0, 0, 0, 0, 0, 0, 0, 0, 0, 
1, 194, 210, 0, 1, 0, 0, 0, 0, 0, 0, 0, 0, 0, 
1, 8185, 211, 0, 0, 0, 0, 0, 0, 0, 0, 0, 0, 0, 
1, 13612, 214, 0, 1, 0, 0, 0, 0, 0, 0, 0, 0, 0, 
1, 8175, 215, 0, 0, 0, 0, 0, 0, 0, 0, 0, 0, 0, 
1, 2910, 216, 0, 0, 0, 0, 0, 0, 0, 0, 0, 0, 0, 
1, 8181, 217, 0, 0, 0, 0, 0, 0, 0, 0, 0, 0, 0, 
1, 6001, 218, 0, 0, 0, 0, 0, 0, 0, 0, 0, 0, 0, 
1, 8186, 219, 0, 0, 0, 0, 0, 0, 0, 0, 0, 0, 0, 
1, 2736, 220, 1, 0, 0, 0, 0, 0, 0, 0, 0, 0, 0, 
1, 190, 221, 0, 0, 0, 0, 0, 0, 0, 0, 0, 0, 0, 
1, 6006, 224, 0, 0, 0, 0, 0, 0, 0, 0, 0, 0, 0, 
1, 3267, 226, 1, 0, 0, 0, 0, 0, 0, 0, 0, 0, 0, 
1, 2878, 227, 1, 0, 0, 0, 0, 0, 0, 0, 0, 0, 0, 
1, 2939, 228, 1, 0, 0, 0, 0, 0, 0, 0, 0, 0, 0, 
1, 8188, 229, 0, 0, 0, 0, 0, 0, 0, 0, 0, 0, 0, 
1, 8182, 230, 0, 1, 0, 0, 0, 0, 0, 0, 0, 0, 0, 
1, 8180, 233, 0, 0, 0, 0, 0, 0, 0, 0, 0, 0, 0, 
1, 6011, 235, 0, 0, 0, 0, 0, 0, 0, 0, 0, 0, 0, 
1, 2882, 236, 0, 0, 0, 0, 0, 0, 0, 0, 0, 0, 0, 
1, 2880, 237, 0, 0, 0, 0, 0, 0, 0, 0, 0, 0, 0, 
1, 2818, 238, 1, 0, 0, 0, 0, 0, 0, 0, 0, 0, 0, 
1, 6013, 241, 0, 0, 0, 0, 0, 0, 0, 0, 0, 0, 0, 
1, 2931, 242, 0, 0, 0, 0, 0, 0, 0, 0, 0, 0, 0, 
1, 192, 243, 0, 0, 0, 0, 0, 0, 0, 0, 0, 0, 0, 
1, 8174, 245, 0, 1, 0, 0, 0, 0, 0, 0, 0, 0, 0, 
1, 6016, 247, 0, 0, 0, 0, 0, 0, 0, 0, 0, 0, 0, 
1, 8169, 250, 0, 1, 5, 0, 0, 0, 0, 0, 0, 0, 0, 
1, 8179, 251, 0, 0, 0, 0, 0, 0, 0, 0, 0, 0, 0, 
1, 103, 252, 0, 1, 0, 0, 0, 0, 0, 0, 0, 0, 0, 
1, 8172, 253, 0, 0, 0, 0, 0, 0, 0, 0, 0, 0, 0, 
1, 8161, 255, 0, 1, 0, 0, 0, 0, 0, 0, 0, 0, 0, 
1, 6012, 257, 0, 0, 0, 0, 0, 0, 0, 0, 0, 0, 0, 
1, 6027, 258, 0, 0, 0, 0, 0, 0, 0, 0, 0, 0, 0, 
1, 191, 260, 0, 0, 0, 0, 0, 0, 0, 0, 0, 0, 0, 
1, 8171, 261, 0, 0, 0, 0, 0, 0, 0, 0, 0, 0, 0, 
1, 8166, 262, 0, 0, 0, 0, 0, 0, 0, 0, 0, 0, 0, 
1, 196, 264, 0, 0, 0, 0, 0, 0, 0, 0, 0, 0, 0, 
1, 6007, 265, 0, 0, 0, 0, 0, 0, 0, 0, 0, 0, 0, 
1, 240, 267, 0, 1, 0, 0, 0, 0, 0, 0, 0, 0, 0, 
1, 8899, 270, 0, 1, 0, 0, 0, 0, 0, 0, 0, 0, 0, 
1, 1362, 271, 0, 0, 0, 0, 0, 0, 0, 0, 0, 0, 0, 
1, 239, 272, 0, 0, 0, 0, 0, 0, 0, 0, 0, 0, 0, 
1, 202, 273, 0, 1, 0, 0, 0, 0, 0, 0, 0, 0, 0, 
1, 93, 274, 0, 1, 0, 0, 0, 0, 0, 0, 0, 0, 0, 
1, 6026, 275, 0, 0, 0, 0, 0, 0, 0, 0, 0, 0, 0, 
1, 6023, 276, 0, 0, 0, 0, 0, 0, 0, 0, 0, 0, 0, 
1, 2954, 277, 1, 1, 0, 0, 0, 0, 0, 0, 0, 0, 0, 
1, 6025, 280, 0, 1, 0, 0, 0, 0, 0, 0, 0, 0, 0, 
1, 8888, 281, 0, 0, 0, 0, 0, 0, 0, 0, 0, 0, 0, 
1, 12087, 283, 0, 1, 5, 0, 4, 4, 0, 4, 0, 0, 0, 
1, 8889, 284, 0, 0, 0, 0, 0, 0, 0, 0, 0, 0, 0, 
1, 6018, 286, 0, 0, 0, 0, 0, 0, 0, 0, 0, 0, 0, 
1, 13624, 287, 0, 0, 0, 0, 0, 0, 0, 0, 0, 0, 0, 
1, 6017, 288, 0, 1, 0, 0, 0, 0, 0, 5, 0, 0, 0, 
1, 6022, 289, 0, 0, 0, 0, 0, 0, 0, 0, 0, 0, 0, 
1, 6020, 291, 0, 0, 0, 0, 0, 0, 0, 0, 0, 0, 0, 
1, 499, 292, 0, 0, 0, 0, 0, 0, 0, 0, 0, 0, 0, 
1, 6024, 293, 0, 0, 0, 0, 0, 0, 0, 0, 0, 0, 0, 
1, 238, 294, 0, 0, 0, 0, 0, 0, 0, 0, 0, 0, 0, 
1, 2906, 299, 1, 0, 0, 0, 0, 0, 0, 0, 0, 0, 0, 
1, 8237, 300, 0, 1, 0, 0, 0, 0, 0, 0, 0, 0, 0, 
1, 6028, 301, 0, 0, 0, 0, 0, 0, 0, 0, 0, 0, 0, 
1, 6019, 302, 0, 1, 0, 0, 0, 0, 0, 0, 0, 0, 0, 
1, 8235, 303, 0, 1, 0, 0, 0, 0, 0, 0, 0, 0, 0, 
1, 2902, 305, 0, 0, 0, 0, 0, 0, 0, 0, 0, 0, 0, 
1, 206, 307, 0, 0, 0, 0, 0, 0, 0, 0, 0, 0, 0, 
1, 6021, 309, 0, 0, 0, 0, 0, 0, 0, 0, 0, 0, 0, 
1, 236, 311, 0, 0, 0, 0, 0, 0, 0, 0, 0, 0, 0, 
1, 235, 313, 0, 0, 0, 0, 0, 0, 0, 0, 0, 0, 0, 
1, 234, 314, 0, 0, 0, 0, 0, 0, 0, 0, 0, 0, 0, 
1, 8205, 315, 0, 0, 0, 0, 0, 0, 0, 0, 0, 0, 0, 
1, 8915, 316, 0, 0, 0, 0, 0, 0, 0, 0, 0, 0, 0, 
1, 6032, 319, 0, 0, 0, 0, 0, 0, 0, 0, 0, 0, 0, 
1, 2927, 320, 1, 1, 0, 0, 0, 0, 0, 0, 0, 0, 0, 
1, 6030, 321, 0, 0, 0, 0, 0, 0, 0, 0, 0, 0, 0, 
1, 6036, 324, 0, 0, 0, 0, 0, 0, 0, 0, 0, 0, 0, 
1, 203, 328, 0, 0, 0, 0, 0, 0, 0, 0, 0, 0, 0, 
1, 2905, 329, 0, 0, 0, 0, 0, 0, 0, 0, 0, 0, 0, 
1, 139, 330, 0, 0, 0, 0, 0, 0, 0, 0, 0, 0, 0, 
1, 2911, 331, 1, 0, 0, 0, 0, 0, 0, 0, 0, 0, 0, 
1, 8202, 334, 0, 0, 0, 0, 0, 0, 0, 0, 0, 0, 0, 
1, 8192, 336, 0, 0, 0, 0, 0, 0, 0, 0, 0, 0, 0, 
1, 8201, 338, 0, 1, 0, 0, 5, 5, 5, 5, 0, 0, 0, 
1, 6034, 339, 0, 0, 0, 0, 0, 0, 0, 0, 0, 0, 0, 
1, 2934, 340, 1, 0, 0, 0, 0, 0, 0, 0, 0, 0, 0, 
1, 2903, 341, 1, 1, 0, 0, 0, 0, 0, 0, 0, 0, 0, 
1, 2942, 342, 0, 0, 0, 0, 0, 0, 0, 0, 0, 0, 0, 
1, 3262, 343, 1, 0, 0, 0, 0, 0, 0, 0, 0, 0, 0, 
1, 3265, 345, 0, 0, 0, 0, 0, 0, 0, 0, 0, 0, 0, 
1, 1373, 347, 0, 0, 0, 0, 0, 0, 0, 0, 0, 0, 0, 
1, 6038, 348, 0, 0, 0, 0, 0, 0, 0, 0, 0, 0, 0, 
1, 8210, 351, 0, 0, 0, 0, 0, 0, 0, 0, 0, 0, 0, 
1, 8194, 353, 0, 0, 0, 0, 0, 0, 0, 0, 0, 0, 0, 
1, 8203, 354, 0, 0, 0, 0, 0, 0, 0, 0, 0, 0, 0, 
1, 2832, 359, 0, 0, 0, 0, 0, 0, 0, 0, 0, 0, 0, 
1, 8195, 361, 0, 0, 0, 0, 0, 0, 0, 0, 0, 0, 0, 
1, 8191, 362, 0, 0, 0, 0, 0, 0, 0, 0, 0, 0, 0, 
1, 8204, 363, 0, 0, 0, 0, 0, 0, 0, 0, 0, 0, 0, 
1, 2838, 364, 1, 0, 0, 0, 0, 0, 0, 0, 0, 0, 0, 
1, 2822, 365, 1, 1, 0, 0, 0, 0, 0, 0, 0, 0, 0, 
1, 2782, 366, 1, 1, 0, 0, 0, 0, 0, 0, 0, 0, 0, 
1, 1369, 367, 0, 0, 0, 0, 0, 0, 0, 0, 0, 0, 0, 
1, 6029, 368, 0, 0, 0, 0, 0, 0, 0, 0, 0, 0, 0, 
1, 6037, 369, 0, 0, 0, 0, 0, 0, 0, 0, 0, 0, 0, 
1, 12085, 372, 0, 1, 5, 0, 4, 4, 0, 4, 0, 0, 0, 
1, 8189, 374, 0, 1, 0, 0, 0, 0, 0, 0, 0, 0, 4, 
1, 8199, 378, 0, 1, 0, 0, 0, 0, 0, 3, 0, 0, 0, 
1, 113, 402, 0, 1, 0, 0, 0, 0, 0, 0, 0, 0, 0, 
1, 6183, 475, 0, 1, 0, 4, 0, 0, 0, 0, 0, 0, 0, 
1, 9268, 573, 0, 1, 0, 3, 0, 0, 0, 0, 0, 0, 0, 
1, 9256, 580, 0, 1, 3, 3, 0, 0, 0, 0, 0, 0, 0, 
1, 1949, 725, 0, 1, 0, 0, 0, 0, 0, 0, 0, 0, 0, 
1, 6258, 727, 0, 1, 0, 0, 0, 0, 0, 0, 0, 0, 5, 
1, 587, 826, 0, 1, 0, 0, 0, 0, 0, 0, 0, 0, 4, 
1, 783, 1014, 0, 1, 0, 0, 0, 0, 0, 0, 0, 0, 5, 
1, 2928, 1086, 0, 1, 0, 0, 0, 0, 0, 0, 0, 0, 0, 
1, 2889, 1098, 1, 1, 0, 0, 0, 0, 0, 4, 0, 0, 0, 
1, 1452, 1233, 0, 1, 0, 0, 0, 0, 0, 0, 0, 0, 5, 
1, 8620, 1240, 0, 1, 0, 5, 0, 0, 0, 0, 0, 0, 0, 
1, 8763, 1247, 0, 1, 0, 0, 0, 0, 0, 4, 0, 0, 0, 
1, 8762, 1251, 0, 1, 4, 0, 0, 0, 0, 4, 0, 0, 0, 
1, 1448, 1259, 0, 1, 0, 0, 0, 0, 0, 0, 0, 0, 5, 
1, 8765, 1261, 0, 1, 0, 5, 0, 0, 0, 0, 0, 0, 0, 
1, 8849, 1263, 0, 1, 0, 5, 0, 0, 0, 0, 0, 0, 0, 
1, 7889, 1360, 0, 1, 0, 0, 0, 0, 4, 5, 4, 0, 0, 
1, 1699, 1412, 0, 1, 0, 0, 0, 0, 0, 4, 0, 0, 0, 
1, 5, 1461, 0, 0, 0, 0, 0, 0, 0, 0, 0, 0, 0, 
1, 9, 1463, 0, 0, 0, 0, 0, 0, 0, 0, 0, 0, 0, 
1, 198, 1490, 0, 1, 0, 0, 0, 0, 0, 0, 0, 0, 0, 
1, 80, 1518, 0, 1, 0, 4, 0, 0, 0, 0, 0, 0, 0, 
1, 59, 1626, 0, 1, 4, 0, 4, 4, 4, 5, 0, 0, 0, 
1, 244, 1629, 0, 1, 0, 0, 0, 0, 0, 0, 0, 0, 0, 
1, 52, 1645, 0, 1, 4, 0, 4, 4, 4, 0, 0, 0, 0, 
1, 22, 1709, 0, 1, 0, 0, 0, 0, 0, 0, 0, 0, 5, 
1, 512, 1730, 0, 1, 0, 0, 0, 0, 0, 5, 0, 0, 0, 
1, 521, 1731, 0, 1, 0, 0, 0, 0, 0, 0, 0, 0, 0, 
1, 513, 1750, 0, 1, 0, 0, 0, 0, 0, 0, 0, 0, 0, 
1, 571, 1763, 0, 1, 0, 0, 0, 0, 0, 0, 0, 0, 4, 
1, 540, 1780, 0, 1, 0, 0, 0, 0, 0, 0, 0, 0, 5, 
1, 7255, 1826, 0, 1, 0, 0, 0, 0, 0, 5, 5, 0, 0, 
1, 7295, 1865, 0, 1, 4, 0, 0, 0, 4, 3, 4, 4, 0, 
1, 7309, 1868, 0, 1, 0, 0, 0, 0, 0, 0, 4, 0, 0, 
1, 2377, 1997, 0, 1, 5, 0, 0, 0, 0, 5, 0, 0, 0, 
1, 2380, 2010, 0, 1, 0, 0, 0, 0, 0, 0, 0, 0, 5, 
1, 2859, 2191, 0, 1, 0, 0, 0, 0, 0, 5, 0, 0, 0, 
1, 2779, 2209, 0, 1, 0, 0, 0, 0, 0, 0, 0, 0, 0, 
1, 3, 2260, 0, 1, 0, 0, 0, 0, 0, 0, 0, 0, 0, 
1, 2758, 2300, 0, 0, 0, 0, 0, 0, 0, 0, 0, 0, 0, 
1, 5264, 2473, 0, 1, 0, 0, 5, 5, 0, 0, 0, 0, 0, 
1, 9127, 2493, 0, 1, 0, 0, 4, 4, 4, 0, 0, 0, 0, 
1, 9232, 2547, 0, 1, 0, 0, 0, 0, 0, 3, 0, 0, 0, 
1, 9195, 2561, 0, 1, 0, 5, 0, 0, 0, 0, 0, 0, 0, 
1, 2009, 2569, 0, 1, 0, 0, 0, 0, 0, 0, 0, 0, 5, 
1, 1752, 2607, 0, 1, 0, 0, 0, 0, 0, 0, 0, 0, 4, 
1, 7815, 2646, 0, 1, 0, 0, 3, 3, 0, 4, 0, 3, 0, 
1, 7853, 2647, 0, 1, 0, 4, 0, 0, 0, 0, 0, 0, 0, 
1, 7520, 2668, 0, 1, 5, 0, 5, 5, 5, 5, 0, 5, 0, 
1, 1718, 2752, 0, 1, 0, 0, 0, 0, 0, 0, 0, 0, 4, 
1, 1750, 2753, 0, 1, 0, 0, 0, 0, 0, 0, 0, 0, 3, 
1, 5688, 2759, 0, 1, 0, 0, 0, 0, 0, 0, 4, 0, 0, 
1, 1756, 2762, 0, 1, 0, 0, 0, 0, 0, 0, 0, 0, 4, 
1, 1747, 2763, 0, 1, 0, 0, 0, 0, 0, 0, 0, 0, 3, 
1, 8792, 2770, 0, 1, 3, 0, 0, 0, 0, 0, 4, 0, 0, 
1, 8628, 2782, 0, 1, 4, 0, 0, 0, 4, 3, 4, 0, 0, 
1, 8825, 2785, 0, 1, 5, 0, 0, 0, 5, 5, 5, 0, 0, 
1, 8734, 2810, 0, 1, 0, 0, 0, 0, 0, 5, 0, 0, 0, 
1, 12020, 2840, 0, 1, 5, 0, 0, 0, 0, 0, 0, 5, 0, 
1, 8722, 2869, 0, 1, 0, 0, 0, 0, 0, 4, 5, 0, 0, 
1, 8721, 2872, 0, 1, 0, 0, 0, 0, 0, 5, 5, 0, 0, 
1, 12019, 2900, 0, 1, 5, 0, 5, 5, 5, 4, 0, 5, 0, 
1, 11822, 2951, 0, 1, 3, 0, 0, 3, 3, 0, 4, 0, 0, 
1, 2515, 3044, 0, 1, 0, 0, 0, 0, 0, 0, 0, 0, 5, 
1, 7827, 3137, 0, 1, 3, 0, 0, 0, 0, 4, 0, 0, 0, 
1, 2253, 3268, 0, 1, 5, 0, 0, 0, 0, 5, 0, 0, 0, 
1, 2655, 3290, 0, 1, 0, 0, 0, 0, 0, 0, 0, 0, 4, 
1, 2299, 3301, 0, 1, 0, 0, 0, 0, 0, 4, 0, 0, 5, 
1, 7373, 3333, 0, 1, 0, 0, 0, 0, 0, 0, 0, 0, 0, 
1, 2441, 3339, 0, 1, 0, 0, 0, 0, 0, 0, 0, 0, 0, 
1, 2643, 3345, 0, 1, 0, 0, 0, 0, 4, 0, 0, 0, 0, 
1, 1878, 3471, 0, 1, 0, 0, 0, 0, 0, 0, 0, 0, 5, 
1, 303, 3619, 0, 0, 0, 0, 0, 0, 0, 0, 0, 0, 0, 
1, 273, 3626, 0, 1, 0, 0, 0, 0, 0, 0, 0, 0, 4, 
1, 260, 3646, 0, 0, 0, 0, 0, 0, 0, 0, 0, 0, 0, 
1, 278, 3674, 0, 1, 0, 0, 0, 0, 0, 0, 0, 0, 4, 
1, 525, 3684, 0, 1, 0, 0, 0, 0, 0, 0, 0, 0, 0, 
1, 275, 3714, 0, 1, 0, 0, 0, 0, 0, 0, 0, 0, 4, 
1, 280, 3718, 0, 1, 0, 0, 0, 0, 0, 0, 0, 0, 0, 
1, 524, 3729, 0, 0, 0, 0, 0, 0, 0, 0, 0, 0, 0, 
1, 7231, 3973, 0, 1, 0, 0, 0, 0, 0, 4, 0, 0, 0, 
1, 1915, 3991, 0, 1, 0, 0, 0, 0, 0, 0, 0, 0, 5, 
1, 1657, 4007, 0, 1, 0, 0, 0, 0, 0, 4, 0, 0, 0, 
1, 3966, 4149, 0, 1, 0, 0, 0, 0, 0, 0, 0, 0, 4, 
1, 2921, 4291, 0, 1, 0, 0, 0, 0, 0, 0, 0, 0, 4, 
1, 2968, 4300, 0, 1, 0, 0, 0, 0, 0, 0, 0, 0, 0, 
1, 1791, 4405, 0, 1, 0, 0, 0, 0, 0, 4, 0, 0, 0, 
1, 8863, 4479, 0, 1, 0, 5, 0, 0, 0, 0, 0, 0, 0, 
1, 1497, 4488, 0, 1, 0, 0, 0, 0, 0, 0, 0, 0, 4, 
1, 3221, 4512, 0, 1, 0, 0, 0, 0, 0, 0, 0, 0, 0, 
1, 1521, 4525, 0, 1, 0, 0, 0, 0, 0, 3, 0, 0, 0, 
1, 1519, 4526, 0, 1, 0, 0, 0, 0, 0, 3, 0, 0, 0, 
1, 1537, 4538, 0, 1, 0, 0, 0, 0, 0, 3, 0, 0, 0, 
1, 1962, 4553, 0, 1, 0, 0, 0, 0, 0, 0, 0, 0, 0, 
1, 7085, 4564, 0, 1, 0, 0, 0, 0, 0, 4, 0, 0, 0, 
1, 2047, 4601, 0, 1, 0, 0, 0, 0, 0, 0, 0, 0, 5, 
1, 2052, 4610, 0, 1, 0, 0, 0, 0, 0, 0, 0, 0, 5, 
1, 2078, 4636, 0, 1, 0, 0, 0, 0, 0, 0, 0, 0, 4, 
1, 3067, 4651, 0, 1, 0, 0, 0, 0, 0, 0, 0, 0, 4, 
1, 3025, 4726, 0, 0, 0, 0, 0, 0, 0, 0, 0, 0, 0, 
1, 1572, 4772, 0, 1, 0, 0, 0, 0, 0, 0, 0, 0, 4, 
1, 1643, 4821, 0, 1, 0, 0, 0, 0, 0, 0, 0, 0, 0, 
1, 3218, 4833, 0, 1, 0, 0, 0, 0, 0, 5, 0, 0, 0, 
1, 5614, 4964, 0, 1, 0, 0, 0, 0, 0, 5, 0, 0, 0, 
1, 5611, 4975, 0, 1, 0, 5, 5, 5, 5, 0, 0, 0, 0, 
1, 4280, 5015, 0, 1, 0, 0, 0, 0, 0, 4, 0, 0, 0, 
1, 2543, 5040, 0, 1, 0, 0, 0, 0, 0, 0, 0, 0, 4, 
1, 2656, 5044, 0, 1, 0, 0, 0, 0, 4, 4, 0, 0, 0, 
1, 4344, 5087, 0, 1, 0, 0, 0, 0, 0, 0, 0, 0, 4, 
1, 2477, 5091, 0, 1, 0, 0, 0, 0, 0, 5, 0, 0, 0, 
1, 2560, 5110, 0, 1, 0, 0, 0, 0, 0, 0, 0, 0, 4, 
1, 4338, 5135, 0, 1, 4, 0, 0, 0, 3, 0, 0, 4, 0, 
1, 4329, 5162, 0, 1, 5, 0, 0, 0, 5, 0, 0, 4, 0, 
1, 2573, 5182, 0, 1, 0, 0, 0, 0, 0, 0, 0, 0, 0, 
1, 2564, 5185, 0, 1, 0, 0, 0, 0, 0, 5, 0, 0, 0, 
1, 2637, 5268, 0, 1, 0, 0, 0, 0, 0, 0, 0, 0, 5, 
1, 4356, 5282, 0, 1, 0, 0, 0, 0, 0, 0, 0, 0, 4, 
1, 3135, 5394, 0, 1, 0, 0, 0, 0, 0, 0, 0, 0, 4, 
1, 2176, 5509, 0, 1, 0, 0, 0, 0, 0, 5, 0, 0, 0, 
1, 4064, 5554, 0, 1, 0, 0, 0, 0, 0, 0, 0, 0, 5, 
1, 4103, 5584, 0, 1, 0, 0, 0, 0, 0, 4, 0, 0, 0, 
1, 4158, 5612, 0, 0, 0, 0, 0, 0, 0, 0, 0, 0, 0, 
1, 1618, 5648, 0, 1, 0, 0, 0, 0, 0, 0, 0, 0, 5, 
1, 3294, 5655, 0, 1, 0, 0, 0, 0, 0, 4, 0, 0, 0, 
1, 3910, 5708, 0, 1, 0, 4, 0, 0, 0, 0, 0, 0, 0, 
1, 4572, 5807, 0, 1, 4, 0, 0, 0, 0, 4, 0, 0, 0, 
1, 8411, 5835, 0, 1, 0, 5, 0, 0, 0, 0, 0, 0, 0, 
1, 3399, 5948, 0, 1, 0, 0, 0, 0, 0, 5, 0, 0, 0, 
1, 3564, 5978, 0, 1, 0, 0, 0, 0, 0, 0, 0, 0, 0, 
1, 2179, 6031, 0, 1, 0, 0, 0, 0, 0, 5, 0, 0, 0, 
1, 2198, 6037, 0, 1, 5, 0, 0, 0, 0, 5, 0, 0, 0, 
1, 7115, 6058, 0, 1, 5, 0, 0, 0, 0, 0, 0, 0, 0, 
1, 4800, 6063, 0, 1, 0, 0, 0, 0, 0, 4, 0, 0, 0, 
1, 2187, 6071, 0, 1, 3, 0, 0, 0, 0, 3, 0, 0, 0, 
1, 5368, 6112, 0, 1, 0, 0, 0, 0, 0, 0, 0, 0, 0, 
1, 4155, 6162, 0, 1, 4, 4, 0, 0, 0, 0, 0, 0, 0, 
1, 3208, 6186, 0, 1, 0, 4, 0, 0, 0, 0, 0, 0, 0, 
1, 8408, 6231, 0, 1, 0, 4, 0, 0, 0, 0, 0, 0, 0, 
1, 3457, 6251, 0, 1, 0, 0, 0, 0, 0, 0, 0, 0, 3, 
1, 3800, 6314, 0, 1, 0, 0, 0, 0, 0, 0, 0, 0, 4, 
1, 4284, 6324, 0, 1, 0, 4, 0, 0, 0, 0, 0, 0, 0, 
1, 3335, 6382, 0, 1, 0, 0, 0, 0, 0, 0, 0, 0, 5, 
1, 4382, 6401, 0, 1, 3, 0, 0, 0, 0, 3, 0, 0, 0, 
1, 4411, 6420, 0, 1, 0, 0, 0, 0, 0, 4, 0, 0, 0, 
1, 4457, 6437, 0, 1, 0, 4, 0, 0, 0, 0, 0, 0, 0, 
1, 4507, 6462, 0, 1, 0, 0, 0, 0, 0, 4, 0, 0, 0, 
1, 4838, 6501, 0, 1, 3, 0, 0, 0, 0, 5, 0, 3, 0, 
1, 4840, 6504, 0, 1, 0, 0, 0, 0, 0, 0, 0, 0, 0, 
1, 4813, 6514, 0, 1, 0, 0, 0, 0, 0, 4, 0, 0, 0, 
1, 3653, 6603, 0, 1, 0, 0, 0, 0, 0, 5, 0, 0, 0, 
1, 3591, 6607, 0, 1, 5, 0, 0, 0, 0, 0, 0, 0, 0, 
1, 6525, 6620, 0, 1, 0, 5, 0, 0, 0, 0, 0, 0, 0, 
1, 3576, 6706, 0, 1, 0, 0, 0, 0, 0, 0, 0, 0, 4, 
1, 3589, 6723, 0, 1, 0, 0, 0, 0, 0, 0, 0, 0, 0, 
1, 3374, 6750, 0, 1, 0, 0, 0, 0, 0, 0, 0, 0, 4, 
1, 3377, 6751, 0, 1, 0, 0, 0, 0, 0, 4, 0, 0, 0, 
1, 4882, 6890, 0, 1, 0, 5, 0, 0, 0, 0, 0, 0, 0, 
1, 4974, 6916, 0, 1, 0, 0, 0, 0, 0, 0, 4, 0, 0, 
1, 4935, 6939, 0, 1, 0, 5, 0, 0, 0, 0, 0, 0, 0, 
1, 3722, 6952, 0, 1, 0, 0, 0, 0, 0, 0, 0, 0, 0, 
1, 3758, 6972, 0, 1, 0, 0, 0, 0, 0, 5, 0, 0, 0, 
1, 3906, 6988, 0, 1, 0, 4, 0, 0, 0, 0, 0, 0, 0, 
1, 3905, 7002, 0, 1, 0, 4, 0, 0, 0, 4, 0, 0, 0, 
1, 5831, 7014, 0, 1, 0, 0, 0, 0, 0, 4, 0, 0, 0, 
1, 3671, 7018, 0, 1, 4, 0, 0, 0, 0, 3, 0, 0, 0, 
1, 3799, 7042, 0, 1, 0, 0, 0, 0, 0, 0, 0, 0, 5, 
1, 6741, 7049, 0, 1, 0, 5, 0, 0, 0, 0, 0, 0, 0, 
1, 6681, 7063, 0, 1, 0, 0, 0, 0, 0, 0, 0, 0, 0, 
1, 6639, 7064, 0, 1, 0, 0, 0, 0, 0, 0, 0, 0, 4, 
1, 6644, 7085, 0, 1, 0, 0, 0, 0, 0, 4, 0, 0, 0, 
1, 6670, 7113, 0, 1, 0, 0, 0, 0, 0, 3, 0, 0, 0, 
1, 6611, 7127, 0, 1, 0, 0, 0, 0, 0, 0, 0, 0, 4, 
1, 6760, 7133, 0, 1, 0, 0, 3, 3, 0, 0, 0, 0, 0, 
1, 8346, 7190, 0, 1, 0, 0, 5, 5, 5, 5, 5, 5, 0, 
1, 3883, 7269, 0, 1, 0, 0, 0, 0, 0, 4, 0, 0, 0, 
1, 3882, 7277, 0, 1, 4, 0, 0, 0, 0, 3, 0, 0, 0, 
1, 5728, 7285, 0, 1, 0, 0, 0, 0, 0, 0, 4, 0, 0, 
1, 3912, 7297, 0, 1, 0, 4, 0, 0, 0, 4, 0, 0, 0, 
1, 3901, 7320, 0, 1, 4, 0, 0, 0, 0, 0, 0, 0, 0, 
1, 6682, 7328, 0, 1, 0, 0, 0, 0, 0, 0, 4, 0, 0, 
1, 6766, 7363, 0, 1, 4, 0, 4, 4, 4, 5, 5, 0, 0, 
1, 6850, 7373, 0, 1, 0, 0, 4, 4, 4, 0, 0, 0, 0, 
1, 4549, 7427, 0, 1, 0, 0, 0, 0, 0, 5, 0, 0, 0, 
1, 5061, 7471, 0, 1, 0, 0, 0, 0, 0, 0, 0, 5, 0, 
1, 5037, 7477, 0, 1, 0, 0, 0, 0, 0, 0, 0, 0, 4, 
1, 5076, 7514, 0, 1, 0, 0, 0, 0, 0, 0, 0, 0, 4, 
1, 4555, 7541, 0, 1, 0, 0, 0, 0, 0, 4, 0, 0, 0, 
1, 4448, 7556, 0, 1, 4, 3, 4, 4, 4, 4, 0, 0, 0, 
1, 4635, 7624, 0, 1, 0, 0, 0, 0, 0, 5, 0, 0, 0, 
1, 4591, 7648, 0, 1, 0, 0, 0, 0, 0, 4, 0, 0, 0, 
1, 4656, 7716, 0, 1, 0, 0, 0, 0, 0, 0, 0, 0, 4, 
1, 4648, 7721, 0, 1, 0, 0, 0, 0, 0, 4, 0, 0, 0, 
1, 4643, 7724, 0, 1, 0, 0, 0, 0, 0, 4, 0, 0, 0, 
1, 3749, 7743, 0, 1, 0, 0, 0, 0, 0, 4, 0, 0, 0, 
1, 3819, 7759, 0, 1, 0, 0, 0, 0, 0, 4, 0, 0, 0, 
1, 3707, 7764, 0, 1, 0, 0, 0, 0, 0, 4, 0, 0, 0, 
1, 3838, 7786, 0, 1, 0, 0, 0, 0, 0, 4, 0, 0, 0, 
1, 12090, 7791, 0, 1, 5, 0, 0, 4, 0, 0, 0, 0, 0, 
1, 3820, 7798, 0, 1, 5, 5, 5, 5, 5, 5, 5, 5, 0, 
1, 4115, 7839, 0, 1, 0, 0, 0, 0, 0, 4, 0, 0, 0, 
1, 4183, 7856, 0, 1, 5, 0, 5, 5, 0, 0, 0, 0, 0, 
1, 4200, 7865, 0, 1, 4, 4, 0, 0, 4, 0, 0, 0, 0, 
1, 4188, 7887, 0, 1, 0, 0, 0, 0, 0, 0, 0, 0, 5, 
1, 4313, 7910, 0, 1, 0, 0, 0, 0, 0, 4, 0, 0, 0, 
1, 3509, 7915, 0, 1, 0, 0, 0, 0, 0, 0, 0, 0, 5, 
1, 3506, 7935, 0, 1, 0, 0, 0, 0, 0, 5, 0, 0, 5, 
1, 6612, 7942, 0, 1, 0, 0, 0, 0, 0, 4, 0, 0, 0, 
1, 6560, 7953, 0, 1, 0, 5, 0, 0, 0, 0, 0, 0, 0, 
1, 6636, 7970, 0, 1, 0, 0, 0, 0, 0, 4, 0, 0, 0, 
1, 4991, 8027, 0, 1, 0, 0, 0, 0, 0, 0, 0, 0, 0, 
1, 5128, 8069, 0, 1, 5, 0, 0, 5, 0, 5, 0, 0, 0, 
1, 6558, 8081, 0, 1, 5, 5, 0, 0, 0, 0, 0, 0, 0, 
1, 6677, 8108, 0, 1, 0, 0, 0, 0, 0, 4, 0, 0, 0, 
1, 6688, 8109, 0, 1, 4, 0, 0, 0, 0, 4, 0, 0, 0, 
1, 6777, 8174, 0, 1, 0, 4, 0, 0, 0, 0, 0, 0, 0, 
1, 6763, 8178, 0, 1, 0, 5, 0, 0, 0, 0, 0, 0, 0, 
1, 6844, 8187, 0, 1, 0, 0, 0, 0, 0, 4, 0, 0, 0, 
1, 6750, 8188, 0, 1, 0, 4, 0, 0, 0, 0, 0, 0, 0, 
1, 6798, 8193, 0, 1, 0, 4, 0, 0, 0, 0, 0, 0, 0, 
1, 6730, 8221, 0, 1, 4, 0, 4, 4, 0, 0, 0, 0, 0, 
1, 5383, 8348, 0, 1, 0, 0, 0, 0, 0, 0, 0, 0, 4, 
1, 12030, 8360, 0, 1, 3, 0, 0, 0, 0, 0, 0, 3, 0, 
1, 12034, 8368, 0, 1, 5, 0, 0, 0, 0, 4, 0, 5, 0, 
1, 12042, 8379, 0, 1, 4, 0, 0, 0, 0, 3, 0, 4, 0, 
1, 8422, 8403, 0, 1, 0, 5, 0, 0, 0, 0, 0, 0, 0, 
1, 6290, 8468, 0, 1, 0, 0, 0, 0, 0, 3, 0, 0, 0, 
1, 4685, 8629, 0, 1, 0, 0, 0, 0, 0, 0, 0, 0, 0, 
1, 4678, 8635, 0, 1, 0, 0, 0, 0, 0, 5, 0, 0, 0, 
1, 4706, 8647, 0, 1, 5, 0, 5, 5, 5, 5, 0, 0, 0, 
1, 4694, 8660, 0, 0, 0, 0, 0, 0, 0, 0, 0, 0, 0, 
1, 4722, 8704, 0, 1, 0, 5, 0, 0, 5, 5, 0, 5, 0, 
1, 4721, 8707, 0, 1, 0, 0, 0, 0, 4, 4, 0, 0, 0, 
1, 4730, 8709, 0, 1, 0, 0, 0, 0, 0, 4, 0, 0, 0, 
1, 4733, 8713, 0, 1, 0, 5, 0, 0, 0, 0, 0, 0, 0, 
1, 5711, 8745, 0, 1, 0, 4, 0, 0, 0, 0, 0, 0, 0, 
1, 5300, 8942, 0, 1, 0, 0, 0, 0, 0, 4, 0, 0, 0, 
1, 5308, 8961, 0, 1, 0, 0, 0, 0, 0, 5, 0, 0, 0, 
1, 7465, 8968, 0, 1, 0, 0, 4, 4, 0, 4, 0, 0, 0, 
1, 7466, 8973, 0, 1, 0, 0, 4, 4, 0, 5, 0, 0, 0, 
1, 7479, 8974, 0, 1, 0, 0, 0, 0, 0, 4, 0, 0, 0, 
1, 7426, 9069, 0, 1, 0, 0, 0, 0, 0, 4, 0, 0, 0, 
1, 5250, 9107, 0, 1, 0, 5, 0, 0, 0, 0, 0, 0, 0, 
1, 8277, 9161, 0, 1, 5, 0, 0, 0, 5, 5, 5, 5, 0, 
1, 6856, 9216, 0, 1, 5, 0, 5, 5, 0, 0, 0, 0, 0, 
1, 8476, 9259, 0, 1, 0, 5, 0, 0, 0, 0, 0, 0, 0, 
1, 8539, 9276, 0, 1, 0, 0, 0, 0, 0, 5, 0, 0, 0, 
1, 8421, 9279, 0, 1, 0, 0, 0, 0, 0, 5, 0, 0, 0, 
1, 8425, 9297, 0, 1, 5, 0, 5, 5, 0, 5, 0, 0, 0, 
1, 8358, 9302, 0, 1, 0, 0, 0, 0, 0, 0, 0, 0, 0, 
1, 11113, 9330, 0, 1, 0, 5, 0, 0, 0, 0, 0, 0, 0, 
1, 10984, 9339, 0, 1, 0, 0, 0, 4, 0, 0, 0, 0, 0, 
1, 11308, 9359, 0, 1, 0, 5, 0, 0, 0, 0, 0, 0, 0, 
1, 8607, 9408, 0, 1, 0, 0, 0, 0, 0, 0, 0, 0, 5, 
1, 8605, 9409, 0, 1, 0, 5, 0, 0, 0, 5, 0, 0, 0, 
1, 11061, 9413, 0, 1, 0, 0, 0, 0, 0, 0, 0, 0, 3, 
1, 8269, 9420, 0, 1, 0, 4, 0, 0, 0, 0, 0, 0, 0, 
1, 8426, 9421, 0, 1, 0, 4, 0, 0, 0, 0, 0, 0, 0, 
1, 8604, 9458, 0, 1, 0, 0, 0, 0, 0, 5, 0, 0, 0, 
1, 13715, 9468, 0, 1, 0, 5, 0, 0, 0, 0, 0, 0, 0, 
1, 12046, 9511, 0, 1, 0, 0, 0, 4, 0, 0, 4, 0, 0, 
1, 5967, 9531, 0, 1, 0, 0, 5, 5, 5, 5, 5, 0, 0, 
1, 12055, 9548, 0, 1, 0, 0, 0, 0, 0, 4, 0, 0, 0, 
1, 11893, 9568, 0, 1, 3, 0, 0, 0, 3, 0, 0, 0, 0, 
1, 5515, 9605, 0, 1, 0, 0, 0, 0, 0, 5, 0, 0, 0, 
1, 5184, 9628, 0, 0, 0, 0, 0, 0, 0, 0, 0, 0, 0, 
1, 6129, 9661, 0, 1, 0, 0, 4, 4, 0, 3, 0, 0, 0, 
1, 6276, 9664, 0, 1, 0, 0, 0, 0, 0, 0, 0, 0, 3, 
1, 5860, 9766, 0, 1, 4, 0, 4, 4, 4, 3, 0, 4, 0, 
1, 5858, 9767, 0, 1, 3, 0, 4, 4, 4, 3, 0, 3, 0, 
1, 5876, 9779, 0, 1, 4, 0, 0, 3, 3, 3, 0, 4, 0, 
1, 12041, 9791, 0, 1, 4, 0, 0, 3, 0, 0, 0, 3, 0, 
1, 5859, 9793, 0, 1, 3, 0, 4, 4, 4, 3, 0, 3, 0, 
1, 6968, 9974, 0, 1, 0, 5, 0, 0, 0, 0, 0, 0, 0, 
1, 5940, 10059, 0, 1, 0, 0, 5, 5, 0, 5, 5, 0, 0, 
1, 11879, 30009, 0, 1, 3, 0, 3, 3, 0, 0, 4, 0, 0, 
1, 11878, 30010, 0, 1, 3, 0, 3, 3, 3, 3, 0, 3, 0, 
1, 11950, 30011, 0, 1, 4, 0, 4, 4, 0, 4, 4, 0, 0, 
1, 11949, 30012, 0, 1, 4, 0, 4, 4, 0, 4, 4, 0, 0, 
1, 11948, 30013, 0, 1, 4, 0, 0, 0, 4, 4, 4, 4, 0, 
1, 11943, 30014, 0, 1, 0, 0, 0, 0, 4, 4, 4, 0, 0, 
1, 11947, 30016, 0, 1, 3, 0, 0, 0, 3, 3, 3, 3, 0, 
1, 11955, 30019, 0, 1, 0, 0, 0, 0, 0, 4, 5, 0, 0, 
1, 11903, 30037, 0, 1, 4, 0, 0, 0, 4, 0, 4, 0, 0, 
1, 11899, 30038, 0, 1, 4, 0, 0, 4, 0, 4, 4, 4, 0, 
1, 11956, 30039, 0, 1, 4, 0, 0, 4, 4, 4, 4, 4, 0, 
1, 11960, 30041, 0, 1, 4, 0, 4, 0, 4, 4, 4, 4, 0, 
1, 11954, 30042, 0, 1, 4, 0, 4, 4, 4, 4, 0, 0, 0, 
1, 11900, 30043, 0, 1, 4, 0, 4, 4, 4, 4, 4, 4, 0, 
1, 11897, 30044, 0, 1, 3, 0, 4, 4, 4, 0, 3, 3, 0, 
1, 11898, 30051, 0, 1, 3, 0, 0, 0, 3, 3, 0, 3, 0, 
1, 11913, 30052, 0, 1, 4, 0, 0, 0, 0, 4, 4, 4, 0, 
1, 11914, 30054, 0, 1, 4, 0, 0, 0, 0, 4, 4, 4, 0, 
1, 11921, 30055, 0, 1, 4, 0, 0, 0, 0, 4, 4, 4, 0, 
1, 11920, 30056, 0, 1, 0, 0, 0, 0, 0, 4, 4, 0, 0, 
1, 11957, 30057, 0, 1, 4, 0, 0, 0, 0, 4, 4, 4, 0, 
1, 12135, 30063, 0, 1, 5, 0, 0, 0, 5, 5, 5, 5, 0, 
1, 12004, 30065, 0, 1, 3, 0, 3, 3, 0, 3, 3, 3, 0, 
1, 11981, 30068, 0, 1, 0, 4, 4, 4, 0, 0, 0, 0, 0, 
1, 11988, 30069, 0, 1, 4, 0, 0, 4, 4, 4, 4, 0, 0, 
1, 11986, 30070, 0, 1, 4, 0, 4, 4, 4, 4, 4, 0, 0, 
1, 11984, 30071, 0, 1, 4, 0, 4, 4, 4, 4, 4, 4, 0, 
1, 12001, 30072, 0, 1, 3, 0, 3, 3, 3, 3, 3, 3, 0, 
1, 11992, 30073, 0, 1, 0, 0, 4, 4, 4, 0, 4, 0, 0, 
1, 11993, 30074, 0, 1, 4, 0, 0, 0, 0, 4, 4, 4, 0, 
1, 11995, 30082, 0, 1, 4, 0, 0, 0, 4, 4, 4, 0, 0, 
1, 12013, 30086, 0, 1, 3, 0, 3, 3, 0, 0, 3, 0, 0, 
1, 12011, 30091, 0, 1, 4, 0, 3, 3, 0, 3, 0, 4, 0, 
1, 11409, 30096, 0, 1, 0, 0, 0, 0, 0, 5, 0, 0, 0, 
1, 11321, 30117, 0, 1, 5, 0, 5, 5, 5, 0, 5, 0, 0, 
1, 11498, 30125, 0, 1, 0, 0, 0, 0, 0, 0, 5, 0, 0, 
1, 11503, 30126, 0, 1, 0, 0, 5, 5, 0, 0, 0, 0, 0, 
1, 11507, 30127, 0, 1, 0, 0, 0, 0, 0, 0, 0, 0, 0, 
1, 10365, 30197, 0, 1, 0, 0, 0, 0, 0, 0, 0, 0, 0, 
1, 10439, 30199, 0, 1, 5, 0, 0, 0, 0, 5, 0, 5, 0, 
1, 10470, 30221, 0, 1, 0, 0, 0, 0, 0, 4, 0, 0, 0, 
1, 10458, 30223, 0, 1, 0, 0, 0, 0, 0, 3, 0, 0, 0, 
1, 10411, 30243, 0, 1, 3, 0, 0, 0, 0, 3, 4, 0, 0, 
1, 10367, 30249, 0, 0, 0, 0, 0, 0, 0, 0, 0, 0, 0, 
1, 10377, 30253, 0, 1, 0, 0, 0, 0, 0, 4, 0, 0, 0, 
1, 10378, 30256, 0, 1, 3, 0, 0, 0, 0, 5, 0, 0, 0, 
1, 10429, 30276, 0, 1, 0, 0, 0, 0, 0, 5, 0, 0, 0, 
1, 10490, 30285, 0, 1, 4, 0, 4, 4, 0, 0, 0, 0, 0, 
1, 11479, 30333, 0, 1, 0, 0, 0, 0, 0, 5, 0, 0, 0, 
1, 11487, 30337, 0, 1, 0, 0, 0, 0, 0, 5, 0, 0, 0, 
1, 12259, 30399, 0, 1, 0, 0, 0, 0, 0, 0, 0, 0, 0, 
1, 12256, 30402, 0, 1, 0, 0, 0, 0, 0, 0, 0, 0, 0, 
1, 10499, 30499, 0, 1, 0, 0, 0, 0, 0, 4, 0, 0, 0, 
1, 10525, 30509, 0, 1, 5, 0, 5, 5, 5, 5, 0, 0, 0, 
1, 10389, 30524, 0, 1, 0, 5, 0, 0, 0, 0, 0, 0, 0, 
1, 10484, 30538, 0, 1, 0, 0, 0, 0, 0, 3, 0, 0, 0, 
1, 10522, 30567, 0, 1, 5, 0, 5, 5, 0, 0, 0, 0, 0, 
1, 10532, 30570, 0, 1, 0, 0, 0, 0, 0, 3, 0, 0, 0, 
1, 10538, 30571, 0, 1, 0, 4, 0, 0, 0, 0, 0, 0, 4, 
1, 9808, 30646, 0, 1, 0, 0, 0, 0, 0, 4, 0, 0, 0, 
1, 12010, 30672, 0, 1, 0, 0, 0, 0, 0, 0, 3, 0, 0, 
1, 12016, 30673, 0, 1, 4, 0, 4, 4, 4, 3, 0, 4, 0, 
1, 12094, 30677, 0, 1, 5, 0, 5, 5, 5, 5, 0, 0, 0, 
1, 12078, 30690, 0, 1, 5, 0, 5, 5, 4, 4, 0, 0, 0, 
1, 12028, 30691, 0, 1, 4, 0, 0, 0, 0, 0, 0, 5, 0, 
1, 12022, 30692, 0, 1, 5, 0, 0, 0, 3, 5, 0, 5, 0, 
1, 12058, 30693, 0, 1, 4, 0, 0, 4, 0, 0, 0, 4, 0, 
1, 12065, 30694, 0, 1, 5, 0, 0, 5, 0, 4, 0, 5, 0, 
1, 12073, 30695, 0, 1, 4, 0, 0, 0, 0, 0, 0, 0, 0, 
1, 12072, 30700, 0, 1, 5, 0, 5, 5, 5, 5, 0, 5, 0, 
1, 12077, 30701, 0, 1, 4, 0, 4, 4, 4, 3, 0, 4, 0, 
1, 12080, 30702, 0, 1, 5, 0, 5, 5, 5, 4, 0, 5, 0, 
1, 12083, 30703, 0, 1, 5, 0, 5, 5, 5, 3, 0, 5, 0, 
1, 12076, 30704, 0, 1, 5, 0, 0, 0, 0, 5, 0, 0, 0, 
1, 12088, 30710, 0, 1, 4, 0, 4, 4, 0, 0, 0, 0, 0, 
1, 12092, 30712, 0, 1, 4, 0, 0, 0, 0, 0, 0, 0, 0, 
1, 12116, 30719, 0, 1, 5, 0, 0, 0, 0, 5, 5, 5, 0, 
1, 12117, 30720, 0, 1, 5, 0, 0, 0, 5, 5, 5, 0, 0, 
1, 12121, 30722, 0, 1, 5, 0, 5, 0, 0, 5, 5, 0, 0, 
1, 12120, 30727, 0, 1, 4, 0, 4, 4, 4, 4, 4, 0, 0, 
1, 12123, 30731, 0, 1, 4, 0, 4, 4, 4, 4, 4, 0, 0, 
1, 12111, 30735, 0, 1, 0, 0, 5, 5, 5, 5, 5, 0, 0, 
1, 12105, 30736, 0, 1, 5, 0, 5, 5, 5, 5, 5, 5, 0, 
1, 12107, 30737, 0, 1, 5, 0, 5, 5, 5, 5, 5, 5, 0, 
1, 12109, 30738, 0, 1, 5, 0, 5, 5, 0, 5, 5, 5, 0, 
1, 12110, 30739, 0, 1, 5, 0, 5, 5, 5, 5, 5, 5, 0, 
1, 12106, 30740, 0, 1, 4, 0, 4, 4, 4, 3, 4, 4, 0, 
1, 12114, 30741, 0, 1, 5, 0, 5, 5, 5, 5, 0, 0, 0, 
1, 12115, 30743, 0, 1, 5, 0, 0, 4, 4, 5, 0, 0, 0, 
1, 10579, 30777, 0, 1, 0, 0, 0, 0, 0, 3, 0, 0, 0, 
1, 10511, 30793, 0, 1, 0, 0, 0, 0, 0, 4, 0, 0, 0, 
1, 10598, 30804, 0, 1, 0, 0, 0, 0, 0, 4, 0, 0, 0, 
1, 10595, 30805, 0, 1, 0, 0, 0, 0, 0, 4, 0, 0, 0, 
1, 10558, 30816, 0, 1, 0, 0, 0, 0, 0, 4, 0, 0, 0, 
1, 10563, 30836, 0, 1, 3, 0, 0, 0, 0, 0, 0, 0, 0, 
1, 10581, 30846, 0, 1, 0, 0, 0, 0, 0, 4, 0, 0, 0, 
1, 9826, 30879, 0, 1, 4, 0, 0, 0, 0, 5, 0, 0, 0, 
1, 9829, 30881, 0, 1, 0, 0, 0, 0, 0, 4, 0, 0, 0, 
1, 9872, 30928, 0, 1, 0, 0, 3, 3, 0, 0, 0, 0, 0, 
1, 9925, 30959, 0, 1, 4, 0, 0, 4, 0, 0, 0, 4, 0, 
1, 13644, 31001, 0, 1, 0, 0, 0, 0, 0, 3, 0, 0, 0, 
1, 11584, 31009, 0, 1, 4, 0, 0, 0, 0, 0, 0, 0, 0, 
1, 9961, 31106, 0, 1, 0, 5, 0, 0, 0, 0, 0, 0, 0, 
1, 10650, 31191, 0, 1, 0, 0, 0, 0, 0, 0, 0, 0, 0, 
1, 10638, 31194, 0, 0, 0, 0, 0, 0, 0, 0, 0, 0, 0, 
1, 12378, 31269, 0, 1, 0, 0, 0, 0, 0, 0, 0, 0, 0, 
1, 12430, 31311, 0, 1, 0, 0, 0, 0, 0, 0, 4, 0, 0, 
1, 12517, 31373, 0, 1, 5, 0, 0, 0, 5, 0, 0, 0, 0, 
1, 14288, 31447, 0, 1, 4, 0, 0, 0, 4, 4, 0, 0, 0, 
1, 14284, 31452, 0, 1, 5, 0, 0, 5, 0, 0, 4, 0, 0, 
1, 12141, 31459, 0, 1, 5, 0, 0, 0, 0, 5, 5, 0, 0, 
1, 12140, 31460, 0, 1, 5, 0, 0, 5, 0, 0, 5, 0, 0, 
1, 12133, 31461, 0, 1, 4, 0, 0, 0, 0, 5, 5, 4, 0, 
1, 12132, 31462, 0, 1, 5, 0, 0, 0, 0, 5, 5, 0, 0, 
1, 14299, 31469, 0, 1, 4, 0, 0, 3, 3, 5, 0, 0, 0, 
1, 14294, 31471, 0, 1, 5, 0, 0, 5, 5, 4, 5, 0, 0, 
1, 14279, 31472, 0, 1, 4, 0, 0, 0, 0, 0, 0, 0, 0, 
1, 14291, 31476, 0, 1, 4, 0, 0, 4, 4, 3, 3, 4, 0, 
1, 14302, 31477, 0, 1, 4, 0, 0, 0, 0, 4, 0, 0, 0, 
1, 14298, 31479, 0, 1, 4, 0, 0, 0, 0, 0, 3, 4, 0, 
1, 14317, 31489, 0, 1, 5, 0, 5, 5, 0, 5, 5, 0, 0, 
1, 14360, 31496, 0, 1, 5, 0, 0, 5, 5, 5, 5, 0, 0, 
1, 14332, 31511, 0, 1, 0, 5, 0, 0, 0, 0, 0, 0, 0, 
1, 14344, 31518, 0, 1, 5, 0, 5, 5, 5, 0, 0, 0, 0, 
1, 14361, 31521, 0, 1, 5, 0, 5, 5, 5, 4, 5, 0, 0, 
1, 14358, 31523, 0, 1, 4, 0, 4, 4, 4, 4, 4, 0, 0, 
1, 14351, 31524, 0, 1, 5, 0, 5, 5, 5, 0, 5, 0, 0, 
1, 14356, 31525, 0, 1, 5, 0, 5, 5, 5, 5, 5, 0, 0, 
1, 14370, 31526, 0, 1, 5, 0, 5, 5, 5, 5, 5, 5, 0, 
1, 14355, 31532, 0, 1, 4, 0, 4, 4, 4, 0, 4, 0, 0, 
1, 14352, 31535, 0, 1, 4, 0, 4, 4, 4, 3, 4, 0, 0, 
1, 12604, 31599, 0, 1, 0, 0, 0, 0, 0, 3, 4, 0, 0, 
1, 11603, 31689, 0, 1, 0, 0, 0, 0, 0, 0, 0, 0, 0, 
1, 13691, 31707, 0, 1, 0, 0, 0, 0, 0, 4, 0, 0, 0, 
1, 10010, 31738, 0, 1, 0, 0, 4, 4, 0, 0, 0, 0, 0, 
1, 9994, 31751, 0, 1, 0, 0, 0, 0, 0, 0, 0, 0, 0, 
1, 9999, 31762, 0, 1, 3, 0, 4, 4, 4, 4, 4, 0, 0, 
1, 10114, 31787, 0, 1, 5, 0, 0, 5, 0, 0, 0, 0, 0, 
1, 10029, 31801, 0, 1, 0, 0, 0, 0, 0, 3, 0, 0, 0, 
1, 10056, 31804, 0, 1, 3, 0, 0, 0, 0, 0, 0, 0, 0, 
1, 10060, 31815, 0, 1, 0, 0, 0, 0, 0, 3, 0, 0, 0, 
1, 10032, 31820, 0, 1, 0, 0, 0, 0, 0, 3, 0, 0, 0, 
1, 14371, 31834, 0, 1, 5, 0, 5, 5, 5, 4, 5, 5, 0, 
1, 14400, 31841, 0, 1, 3, 0, 0, 0, 4, 0, 0, 0, 0, 
1, 14364, 31846, 0, 1, 0, 0, 0, 0, 0, 0, 5, 0, 0, 
1, 14366, 31847, 0, 1, 5, 0, 0, 0, 0, 0, 5, 0, 0, 
1, 14369, 31849, 0, 1, 5, 0, 0, 5, 0, 0, 5, 0, 0, 
1, 14376, 31852, 0, 1, 5, 0, 5, 5, 5, 5, 5, 0, 0, 
1, 14373, 31855, 0, 1, 0, 5, 0, 0, 0, 0, 0, 0, 0, 
1, 14418, 31895, 0, 1, 5, 0, 0, 0, 4, 0, 0, 0, 0, 
1, 13658, 31993, 0, 1, 0, 0, 0, 0, 0, 0, 0, 0, 0, 
1, 13610, 32012, 0, 0, 0, 0, 0, 0, 0, 0, 0, 0, 0, 
1, 10145, 32049, 0, 1, 4, 0, 4, 4, 4, 4, 0, 0, 0, 
1, 10144, 32067, 0, 1, 0, 0, 3, 3, 3, 4, 0, 0, 0, 
1, 10080, 32094, 0, 1, 0, 0, 0, 0, 0, 3, 0, 0, 0, 
1, 10103, 32106, 0, 1, 0, 0, 3, 3, 0, 4, 0, 0, 0, 
1, 10082, 32123, 0, 1, 0, 0, 0, 4, 0, 5, 0, 0, 0, 
1, 9353, 35116, 0, 1, 0, 0, 0, 0, 0, 0, 0, 0, 4, 
1, 7163, 35156, 0, 1, 0, 0, 0, 0, 0, 4, 0, 0, 0, 
1, 8309, 35161, 0, 1, 0, 0, 3, 3, 0, 4, 4, 0, 0, 
1, 8255, 35189, 0, 1, 0, 0, 0, 0, 0, 0, 0, 0, 0, 
1, 8259, 35201, 0, 1, 0, 4, 0, 0, 0, 0, 0, 0, 0, 
1, 8379, 35217, 0, 1, 0, 3, 0, 0, 0, 0, 0, 0, 0, 
1, 7541, 35295, 0, 1, 4, 0, 4, 4, 4, 4, 3, 0, 0, 
1, 7513, 35335, 0, 1, 0, 0, 0, 0, 0, 0, 0, 0, 0, 
1, 7515, 35338, 0, 1, 0, 0, 0, 0, 5, 0, 0, 0, 0, 
1, 8902, 35402, 0, 1, 0, 4, 0, 0, 0, 0, 0, 0, 4, 
1, 12054, 35422, 0, 1, 3, 0, 0, 4, 0, 3, 0, 0, 0, 
1, 12052, 35445, 0, 1, 5, 4, 0, 0, 0, 4, 0, 0, 0, 
1, 12053, 35469, 0, 1, 1, 0, 0, 0, 0, 0, 0, 4, 0, 
1, 8935, 35475, 0, 1, 0, 4, 0, 0, 0, 0, 0, 0, 0, 
1, 8970, 35510, 0, 1, 0, 0, 0, 0, 0, 0, 0, 0, 4, 
1, 5801, 35531, 0, 1, 5, 0, 0, 0, 0, 5, 0, 0, 0, 
1, 7906, 35549, 0, 1, 0, 4, 0, 0, 0, 0, 0, 0, 0, 
1, 8467, 35666, 0, 1, 0, 0, 5, 5, 0, 5, 5, 0, 0, 
1, 9556, 35718, 0, 1, 0, 0, 0, 0, 0, 0, 0, 0, 0, 
1, 9303, 35819, 0, 1, 0, 4, 0, 0, 0, 0, 0, 0, 4, 
1, 9340, 35844, 0, 1, 0, 3, 0, 0, 0, 0, 0, 0, 0, 
1, 7641, 35875, 0, 1, 0, 3, 0, 0, 0, 0, 0, 0, 0, 
1, 7599, 35879, 0, 1, 0, 0, 0, 0, 0, 5, 0, 0, 0, 
1, 7605, 35885, 0, 1, 0, 0, 0, 0, 0, 4, 0, 0, 0, 
1, 7716, 35930, 0, 1, 0, 5, 0, 0, 0, 5, 0, 0, 0, 
1, 7719, 35940, 0, 1, 4, 0, 0, 0, 4, 3, 0, 4, 0, 
1, 7731, 35966, 0, 1, 0, 5, 0, 0, 0, 5, 5, 0, 0, 
1, 8026, 36017, 0, 1, 0, 0, 0, 3, 0, 5, 0, 0, 0, 
1, 7998, 36041, 0, 1, 3, 0, 0, 0, 0, 0, 0, 0, 0, 
1, 8006, 36054, 0, 1, 0, 0, 0, 0, 0, 0, 4, 0, 0, 
1, 11933, 36096, 0, 1, 3, 0, 3, 3, 0, 3, 0, 3, 0, 
1, 11971, 36100, 0, 1, 4, 0, 4, 4, 4, 3, 4, 0, 0, 
1, 11972, 36103, 0, 1, 4, 0, 0, 0, 0, 4, 4, 4, 0, 
1, 12059, 36134, 0, 1, 4, 0, 0, 0, 3, 3, 0, 3, 0, 
1, 9024, 36175, 0, 0, 0, 0, 0, 0, 0, 0, 0, 0, 0, 
1, 12061, 36182, 0, 1, 5, 0, 5, 5, 5, 5, 0, 5, 0, 
1, 8599, 36199, 0, 1, 0, 3, 0, 0, 0, 0, 0, 0, 0, 
1, 9576, 36209, 0, 1, 0, 0, 4, 4, 0, 3, 0, 0, 0, 
1, 10953, 36210, 0, 1, 0, 4, 0, 0, 0, 0, 0, 0, 0, 
1, 10954, 36213, 0, 1, 5, 0, 5, 5, 5, 5, 5, 0, 0, 
1, 9545, 36269, 0, 1, 0, 3, 0, 0, 0, 0, 0, 0, 0, 
1, 10960, 36287, 0, 1, 0, 0, 0, 0, 0, 0, 0, 0, 0, 
1, 8049, 36345, 0, 1, 0, 0, 0, 0, 0, 0, 0, 0, 0, 
1, 8064, 36350, 0, 1, 0, 0, 0, 0, 0, 3, 0, 0, 0, 
1, 8093, 36356, 0, 1, 0, 0, 3, 3, 0, 0, 0, 0, 0, 
1, 12063, 36434, 0, 1, 5, 0, 5, 5, 0, 5, 0, 5, 0, 
1, 11003, 36523, 0, 1, 4, 0, 4, 4, 0, 3, 4, 0, 0, 
1, 11055, 36534, 0, 1, 0, 0, 0, 0, 0, 3, 0, 0, 0, 
1, 11131, 36601, 0, 1, 0, 0, 0, 0, 0, 5, 0, 0, 0, 
1, 11132, 36602, 0, 1, 0, 5, 0, 0, 0, 0, 0, 0, 0, 
1, 11223, 36603, 0, 1, 0, 0, 0, 0, 0, 0, 0, 0, 0, 
1, 11090, 36606, 0, 1, 0, 0, 5, 5, 0, 0, 0, 0, 0, 
1, 11134, 36609, 0, 1, 0, 4, 0, 0, 0, 0, 0, 0, 0, 
1, 11100, 36623, 0, 1, 0, 0, 5, 5, 5, 0, 0, 0, 0, 
1, 9618, 36692, 0, 1, 0, 0, 0, 0, 0, 3, 0, 0, 0, 
1, 7736, 36693, 0, 1, 0, 5, 0, 0, 0, 0, 0, 0, 0, 
1, 7679, 36731, 0, 1, 4, 0, 0, 0, 0, 3, 0, 4, 0, 
1, 7694, 36733, 0, 1, 3, 0, 0, 5, 0, 5, 0, 0, 0, 
1, 7708, 36782, 0, 1, 0, 0, 5, 5, 0, 5, 0, 5, 0, 
1, 9630, 36927, 0, 1, 3, 0, 3, 3, 0, 3, 0, 3, 0, 
1, 9633, 36931, 0, 1, 0, 0, 0, 0, 0, 3, 0, 0, 0, 
1, 9634, 36932, 0, 1, 0, 0, 0, 4, 4, 0, 4, 0, 0, 
1, 12236, 36992, 0, 1, 0, 0, 0, 0, 0, 0, 5, 0, 0, 
1, 11693, 37089, 0, 1, 0, 0, 0, 0, 0, 0, 3, 0, 0, 
1, 12066, 37090, 0, 1, 4, 0, 4, 4, 0, 0, 0, 4, 0, 
1, 11673, 37095, 0, 1, 3, 0, 0, 4, 0, 0, 0, 0, 0, 
1, 11705, 37129, 0, 1, 0, 0, 0, 0, 0, 0, 4, 0, 0, 
1, 11706, 37130, 0, 1, 5, 0, 5, 5, 5, 5, 0, 5, 5, 
1, 11707, 37131, 0, 1, 0, 0, 0, 0, 0, 0, 4, 0, 0, 
1, 11791, 37143, 0, 1, 0, 0, 0, 0, 0, 5, 5, 0, 0, 
1, 11795, 37144, 0, 1, 3, 0, 0, 0, 0, 3, 3, 0, 0, 
1, 11796, 37145, 0, 1, 3, 0, 3, 3, 3, 3, 3, 3, 0, 
1, 11799, 37148, 0, 1, 0, 0, 0, 0, 0, 0, 3, 0, 0, 
1, 11804, 37159, 0, 1, 3, 0, 0, 0, 3, 3, 3, 3, 0, 
1, 11980, 37160, 0, 1, 4, 0, 4, 4, 4, 4, 4, 4, 0, 
1, 11805, 37161, 0, 1, 3, 0, 0, 0, 3, 0, 0, 3, 0, 
1, 11809, 37162, 0, 1, 3, 0, 0, 0, 3, 3, 3, 3, 0, 
1, 11811, 37164, 0, 1, 4, 0, 0, 0, 4, 0, 0, 4, 0, 
1, 11930, 37179, 0, 1, 0, 0, 4, 4, 0, 4, 4, 0, 0, 
1, 11862, 37181, 0, 1, 3, 0, 0, 3, 3, 3, 3, 3, 0, 
1, 11936, 37185, 0, 1, 4, 0, 0, 0, 4, 4, 4, 0, 0, 
1, 11939, 37193, 0, 1, 0, 0, 3, 3, 3, 4, 4, 0, 0, 
1, 11940, 37195, 0, 1, 4, 0, 4, 4, 0, 4, 4, 4, 0, 
1, 10262, 37220, 0, 1, 0, 0, 0, 0, 0, 3, 0, 0, 0, 
1, 11111, 37362, 0, 1, 0, 4, 0, 0, 0, 0, 0, 0, 0, 
1, 11227, 37389, 0, 1, 4, 0, 0, 0, 0, 0, 0, 0, 0, 
1, 11395, 37462, 0, 1, 0, 0, 0, 4, 0, 0, 0, 0, 0, 
1, 11413, 37479, 0, 1, 0, 0, 4, 4, 0, 0, 0, 0, 0, 
1, 11339, 37484, 0, 1, 5, 0, 5, 5, 5, 0, 0, 0, 0, 
1, 11286, 37487, 0, 1, 4, 0, 4, 4, 0, 0, 0, 0, 0, 
1, 11314, 37550, 0, 1, 0, 0, 0, 0, 0, 4, 0, 0, 0, 
1, 11313, 37551, 0, 0, 0, 0, 0, 0, 0, 0, 0, 0, 0, 
1, 11312, 37559, 0, 1, 0, 5, 0, 0, 0, 4, 0, 0, 0, 
1, 10351, 37612, 0, 1, 0, 0, 3, 3, 0, 0, 0, 0, 0, 
1, 12166, 37613, 0, 0, 0, 0, 0, 0, 0, 0, 0, 0, 0, 
1, 12219, 37643, 0, 1, 0, 0, 0, 0, 0, 3, 0, 0, 0, 
1, 11687, 37677, 0, 1, 4, 0, 0, 0, 0, 0, 0, 0, 0, 
1, 11761, 37693, 0, 1, 3, 0, 3, 3, 3, 3, 3, 3, 0, 
1, 11722, 37724, 0, 1, 4, 0, 4, 4, 4, 4, 4, 0, 0, 
1, 11782, 37739, 0, 1, 3, 0, 0, 0, 3, 3, 3, 3, 0, 
1, 11528, 37747, 0, 1, 4, 0, 0, 0, 0, 0, 0, 0, 0, 
1, 11293, 37765, 0, 1, 0, 3, 0, 0, 0, 0, 0, 0, 0, 
1, 14471, 37972, 0, 0, 0, 0, 0, 0, 0, 0, 0, 0, 0, 
1, 14531, 38025, 0, 1, 5, 0, 5, 5, 0, 0, 0, 0, 0, 
1, 10749, 38124, 0, 1, 0, 5, 0, 0, 0, 5, 5, 5, 0, 
1, 10755, 38150, 0, 1, 0, 0, 4, 4, 0, 4, 0, 0, 0, 
1, 12818, 38185, 0, 1, 0, 0, 0, 0, 0, 3, 0, 0, 0, 
1, 12823, 38199, 0, 1, 0, 0, 0, 0, 0, 3, 0, 0, 0, 
1, 10868, 38429, 0, 1, 3, 0, 3, 3, 0, 0, 0, 0, 0, 
1, 12869, 38526, 0, 1, 3, 0, 3, 3, 0, 3, 0, 0, 0, 
1, 14519, 38571, 0, 1, 4, 0, 0, 0, 0, 0, 0, 0, 0, 
1, 12888, 38641, 0, 1, 0, 0, 0, 0, 3, 0, 0, 0, 0, 
1, 12879, 38653, 0, 1, 0, 0, 0, 0, 0, 0, 0, 0, 3, 
1, 12897, 38675, 0, 1, 0, 0, 0, 0, 0, 0, 0, 0, 3, 
1, 12895, 38685, 0, 0, 0, 0, 0, 0, 0, 0, 0, 0, 0, 
1, 13836, 38795, 0, 1, 0, 5, 0, 0, 0, 0, 0, 0, 0, 
1, 10928, 39011, 0, 1, 0, 0, 0, 0, 0, 0, 4, 0, 0, 
1, 13138, 39458, 0, 1, 0, 0, 0, 0, 0, 5, 0, 0, 0, 
1, 13149, 39581, 0, 1, 0, 0, 5, 5, 5, 0, 0, 0, 0, 
1, 14115, 39600, 0, 1, 4, 0, 0, 0, 0, 0, 4, 0, 0, 
1, 13267, 39900, 0, 1, 0, 0, 0, 0, 0, 3, 0, 0, 0, 
1, 13265, 39901, 0, 1, 0, 0, 0, 0, 0, 3, 0, 0, 0, 
1, 13884, 40087, 0, 1, 0, 0, 0, 0, 0, 4, 0, 0, 0, 
1, 14188, 40159, 0, 1, 0, 5, 0, 0, 0, 0, 0, 0, 0, 
1, 14223, 40350, 0, 1, 0, 0, 0, 0, 0, 3, 0, 0, 4, 
1, 13576, 45228, 0, 1, 0, 0, 0, 0, 0, 0, 4, 0, 0, 
1, 13470, 45336, 0, 0, 0, 0, 0, 0, 0, 0, 0, 0, 0, 
1, 13441, 45405, 0, 1, 4, 0, 3, 3, 0, 0, 0, 0, 0, 
1, 7175, 50003, 0, 1, 0, 0, 0, 0, 0, 4, 0, 0, 0, 